id,file1,file2
0,pid8_reg1.csv,tbd1_reg2.csv
1,tbd2_reg1.csv,pid11_reg2.csv
2,pid29_reg1.csv,tbd3_reg2.csv
3,tbd4_reg1.csv,pid31_reg2.csv
4,pid54_reg1.csv,tbd5_reg2.csv
5,tbd6_reg1.csv,pid72_reg2.csv
6,pid73_reg1.csv,tbd7_reg2.csv
7,tbd8_reg1.csv,pid75_reg2.csv
8,pid99_reg1.csv,tbd9_reg2.csv
9,tbd10_reg1.csv,pid106_reg2.csv
10,pid157_reg1.csv,tbd11_reg2.csv
11,tbd12_reg1.csv,pid174_reg2.csv
12,pid184_reg1.csv,tbd13_reg2.csv
13,tbd14_reg1.csv,pid196_reg2.csv
14,pid214_reg1.csv,tbd15_reg2.csv
15,tbd16_reg1.csv,pid223_reg2.csv
16,pid259_reg1.csv,tbd17_reg2.csv
17,tbd18_reg1.csv,pid331_reg2.csv
18,pid341_reg1.csv,tbd19_reg2.csv
19,tbd20_reg1.csv,pid360_reg2.csv
20,pid362_reg1.csv,tbd21_reg2.csv
21,tbd22_reg1.csv,pid369_reg2.csv
22,pid390_reg1.csv,tbd23_reg2.csv
23,tbd24_reg1.csv,pid440_reg2.csv
24,pid499_reg1.csv,tbd25_reg2.csv
25,tbd26_reg1.csv,pid553_reg2.csv
26,pid576_reg1.csv,tbd27_reg2.csv
27,tbd28_reg1.csv,pid688_reg2.csv
28,pid693_reg1.csv,tbd29_reg2.csv
29,tbd30_reg1.csv,pid787_reg2.csv
30,pid791_reg1.csv,tbd31_reg2.csv
31,tbd32_reg1.csv,pid808_reg2.csv
32,pid889_reg1.csv,tbd33_reg2.csv
33,tbd34_reg1.csv,pid935_reg2.csv
34,pid1040_reg1.csv,tbd35_reg2.csv
35,tbd36_reg1.csv,pid1087_reg2.csv
36,pid1112_reg1.csv,tbd37_reg2.csv
37,tbd38_reg1.csv,pid1113_reg2.csv
38,pid1157_reg1.csv,tbd39_reg2.csv
39,tbd40_reg1.csv,pid1175_reg2.csv
40,pid1213_reg1.csv,tbd41_reg2.csv
41,tbd42_reg1.csv,pid1244_reg2.csv
42,pid1293_reg1.csv,tbd43_reg2.csv
43,tbd44_reg1.csv,pid1323_reg2.csv
44,pid1358_reg1.csv,tbd45_reg2.csv
45,tbd46_reg1.csv,pid1393_reg2.csv
46,pid1518_reg1.csv,tbd47_reg2.csv
47,tbd48_reg1.csv,pid1524_reg2.csv
48,pid1613_reg1.csv,tbd49_reg2.csv
49,tbd50_reg1.csv,pid1650_reg2.csv
50,pid1656_reg1.csv,tbd51_reg2.csv
51,tbd52_reg1.csv,pid1661_reg2.csv
52,pid1671_reg1.csv,tbd53_reg2.csv
53,tbd54_reg1.csv,pid1819_reg2.csv
54,pid1860_reg1.csv,tbd55_reg2.csv
55,tbd56_reg1.csv,pid1982_reg2.csv
56,pid2147_reg1.csv,tbd57_reg2.csv
57,tbd58_reg1.csv,pid2188_reg2.csv
58,pid2263_reg1.csv,tbd59_reg2.csv
59,tbd60_reg1.csv,pid2298_reg2.csv
60,pid2375_reg1.csv,tbd61_reg2.csv
61,tbd62_reg1.csv,pid2392_reg2.csv
62,pid2397_reg1.csv,tbd63_reg2.csv
63,tbd64_reg1.csv,pid2451_reg2.csv
64,pid2458_reg1.csv,tbd65_reg2.csv
65,tbd66_reg1.csv,pid2506_reg2.csv
66,pid2610_reg1.csv,tbd67_reg2.csv
67,tbd68_reg1.csv,pid2669_reg2.csv
68,pid2829_reg1.csv,tbd69_reg2.csv
69,tbd70_reg1.csv,pid2835_reg2.csv
70,pid2867_reg1.csv,tbd71_reg2.csv
71,tbd72_reg1.csv,pid2998_reg2.csv
72,pid3002_reg1.csv,tbd73_reg2.csv
73,tbd74_reg1.csv,pid3099_reg2.csv
74,pid3108_reg1.csv,tbd75_reg2.csv
75,tbd76_reg1.csv,pid3198_reg2.csv
76,pid3237_reg1.csv,tbd77_reg2.csv
77,tbd78_reg1.csv,pid3253_reg2.csv
78,pid3297_reg1.csv,tbd79_reg2.csv
79,tbd80_reg1.csv,pid3307_reg2.csv
80,pid3365_reg1.csv,tbd81_reg2.csv
81,tbd82_reg1.csv,pid3472_reg2.csv
82,pid3504_reg1.csv,tbd83_reg2.csv
83,tbd84_reg1.csv,pid3559_reg2.csv
84,pid3581_reg1.csv,tbd85_reg2.csv
85,tbd86_reg1.csv,pid3677_reg2.csv
86,pid3692_reg1.csv,tbd87_reg2.csv
87,tbd88_reg1.csv,pid3714_reg2.csv
88,pid3786_reg1.csv,tbd89_reg2.csv
89,tbd90_reg1.csv,pid3835_reg2.csv
90,pid3853_reg1.csv,tbd91_reg2.csv
91,tbd92_reg1.csv,pid3894_reg2.csv
92,pid3920_reg1.csv,tbd93_reg2.csv
93,tbd94_reg1.csv,pid3932_reg2.csv
94,pid3934_reg1.csv,tbd95_reg2.csv
95,tbd96_reg1.csv,pid3954_reg2.csv
96,pid4019_reg1.csv,tbd97_reg2.csv
97,tbd98_reg1.csv,pid4131_reg2.csv
98,pid4206_reg1.csv,tbd99_reg2.csv
99,tbd100_reg1.csv,pid4332_reg2.csv
100,pid4358_reg1.csv,tbd101_reg2.csv
101,tbd102_reg1.csv,pid4444_reg2.csv
102,pid4472_reg1.csv,tbd103_reg2.csv
103,tbd104_reg1.csv,pid4489_reg2.csv
104,pid4509_reg1.csv,tbd105_reg2.csv
105,tbd106_reg1.csv,pid4534_reg2.csv
106,pid4547_reg1.csv,tbd107_reg2.csv
107,tbd108_reg1.csv,pid4580_reg2.csv
108,pid4589_reg1.csv,tbd109_reg2.csv
109,tbd110_reg1.csv,pid4609_reg2.csv
110,pid4614_reg1.csv,tbd111_reg2.csv
111,tbd112_reg1.csv,pid4627_reg2.csv
112,pid4649_reg1.csv,tbd113_reg2.csv
113,tbd114_reg1.csv,pid4764_reg2.csv
114,pid4780_reg1.csv,tbd115_reg2.csv
115,tbd116_reg1.csv,pid4789_reg2.csv
116,pid4811_reg1.csv,tbd117_reg2.csv
117,tbd118_reg1.csv,pid4829_reg2.csv
118,pid4873_reg1.csv,tbd119_reg2.csv
119,tbd120_reg1.csv,pid4885_reg2.csv
120,pid4887_reg1.csv,tbd121_reg2.csv
121,tbd122_reg1.csv,pid4927_reg2.csv
122,pid4935_reg1.csv,tbd123_reg2.csv
123,tbd124_reg1.csv,pid4979_reg2.csv
124,pid5012_reg1.csv,tbd125_reg2.csv
125,tbd126_reg1.csv,pid5030_reg2.csv
126,pid5121_reg1.csv,tbd127_reg2.csv
127,tbd128_reg1.csv,pid5139_reg2.csv
128,pid5278_reg1.csv,tbd129_reg2.csv
129,tbd130_reg1.csv,pid5279_reg2.csv
130,pid5288_reg1.csv,tbd131_reg2.csv
131,tbd132_reg1.csv,pid5307_reg2.csv
132,pid5312_reg1.csv,tbd133_reg2.csv
133,tbd134_reg1.csv,pid5315_reg2.csv
134,pid5332_reg1.csv,tbd135_reg2.csv
135,tbd136_reg1.csv,pid5368_reg2.csv
136,pid5387_reg1.csv,tbd137_reg2.csv
137,tbd138_reg1.csv,pid5388_reg2.csv
138,pid5419_reg1.csv,tbd139_reg2.csv
139,tbd140_reg1.csv,pid5474_reg2.csv
140,pid5521_reg1.csv,tbd141_reg2.csv
141,tbd142_reg1.csv,pid5575_reg2.csv
142,pid5711_reg1.csv,tbd143_reg2.csv
143,tbd144_reg1.csv,pid5730_reg2.csv
144,pid5759_reg1.csv,tbd145_reg2.csv
145,tbd146_reg1.csv,pid5823_reg2.csv
146,pid5898_reg1.csv,tbd147_reg2.csv
147,tbd148_reg1.csv,pid6080_reg2.csv
148,pid6095_reg1.csv,tbd149_reg2.csv
149,tbd150_reg1.csv,pid6108_reg2.csv
